$ANSIBLE_VAULT;1.1;AES256
34373739656338666630383232393266326663373163663938363934313066663939636462303332
6631613764303739623061663133623765386531663336350a646231376631313634663831666139
31623532643938383566616463343430303435356162376437636438363132613433386331353962
3136313332383865340a666337656233626231613432616162393035333234666161323037373931
34303133376533373838346139653434653832626664303066356363646337623863616662373366
64633430333532646236326463646130313133623463323963666336626433313830373462386239
36633464623230393534343137386635363239343661393538363638396431393537633139353930
62346332393533366465633535386565616663306438376262646534326437323761393166666233
33616130636262343031393063383233613461626664323830636637636438363833336463336538
32383532393534333634656362616532626535336639646136616435623435646261626665626561
36646130646430383638366438316461333134366335326533343262633662616233323566376364
37343866653961633431343939636131333565636532616231643039643331313061373835313564
64633037663438346566346664313333303161663366376235366232353432383036333839653639
63666535376633366561383330613932313332316132393566323165386133393335623733333538
31303134383030643033636563343463616262333035633336636335336365306163303033626635
34663766393966373831623837393638393663303737363235346263333336656232393338313339
65333630376236633036366433306566633139363630666336343934333965303730376638386662
65353162393435613439666330643861626132643239633738343236323934313330373162643937
37636461333233666230353037366339653337323733343064626639333965313864643463613863
65333736663164356463353937366231656634363161393234656236393430336532316663353863
30343734386235623866653032383533613430383466626638363235333133356636643133386532
65383461656139383933333035383434623835373266303735623239353039613638376136326231
37316232353833353530313065646238643638636661623632336361363435373063613830333966
37643462373135616239376338353737653836643139646163363563323463343532323437346631
64396638623763303038643831333935613430363462636164343930303561656332346361653535
39656661396136313637333131346138613439613062373635343262616362623030393734353264
39396264363333303534633261653134336231363939623166366465366661306664363863306236
36393538353734353631663638303739326439303230313461333762353138643239633834623462
33363436616239373361346264386239333361626633356139343031666634366461313037303065
62313265366436663363656664326233396362346365663533313763643232373262613034316165
33616533333234626436653537366464666166373833396331663665346432326334393665383965
33656639333232303833336337363861346435313338623536353938656330613462626433393338
35626230373861646330336261646333333733623837626430306138663334616164376164376166
37643764633030333536666435326566623037663432633534333664333733396539393931633465
32313138636636623364636563356233346431363463316535356334326332306533373531616235
66303836393165636561623030363737363664663261383732623463363533366463343161396265
66666461336635373063353030623538373362643135353261346431393466343363303462613830
31353433643130336337336165343137633433663530653735633430336630333836366537616433
38343338306166366336303061393035626238303238663666373237363830336233306365373336
61313031663132343664623938626130333232383565353464336462313630303061323061303632
39633334333162663731333035383261633637663537623232633138633436623235396465383964
36643333396339323239646437666262383439303665323433386163333437353338303539393131
66376336373937326264343735373336376533306563393535623135643164666633353833393637
61663935313762303063646331653631653266633139376638313966396565346337623335353438
61353434366339646430306335656164303331333965316239316335336138326161303462313764
33313638366666663034373833393335646533316538313435646336353839323561333332383531
39373366653330386466313737353634633562663462653335636534663661363135363261663132
64313737343338636337643431353330613263656436653736346137343339653231643838303033
66663037616136646366346333646235343063353039363230386361313064646635633436323437
62313362626366373031323363363362393364356537386239393133623631333735323933346139
30366366656239363365643737356437323361666239366264383235646639613962373064303239
37353237353665613339376131303738343663336665623031313465646532323538346531366130
39323635303261656337363932356138636637666566653735643730313039313533306331316364
39323032626533633638653161623832373366346233646664346339663163646333633633646465
65346231623637333464303066653566323530383533666166383663626266656162323235393964
62613333636330396339633334383932653666396166313664333234663639346137353062653934
63323266626362393665373033346662313962313030636330353061376230323432613231393964
65376635303333353764313738643063623535666437313961323866386336356232353538663266
35333434353031343066363839643832623734326332323764386638366434636561396361346463
37653930313730336435343134616461653434313864363563396333303938613632623266666630
33343562383035633538303465306563313930353534663064393336323961393861323537626136
33633465353730626464393832663034303438376434373966663333613831666262646561663535
31323363333765316134383835303536303530333336396434623664373863666237343131383136
64653333653963393833663363613765356565633565323766346139366236396261643334653831
65396465633534633336643635363735336430636131326434333564623133376564633535343737
66336532653431623361373533393032643962316262616335656436343264613062333136356538
30623637626363346662613839306239646562616338303935393737316566333363663834653038
39316162633632613238303431363332386530316665623336643264373963366139346136373966
36386461336634656666386436326436313562653463616561656463653130353031633837626362
31306431616238336635646564373365393332396266633464326431356163633232636464343961
31313839626563306663613331346661313732343136626431313036363131643036356365353632
39653631643964666533376538393733646135326537323162313766646134633065303037333834
62353835613763386335343135643636326434323365366137633262636533656430613462366430
32626264656533626466333265643637373764633663633535363832643666633962306437633166
31306533633239343533313664626231383030613866636364623731383364303838306639376439
64653361636264626237663966373634623062666364336238383630393934363231363533336530
64373130633238386133623835353631326439343836313037633939636565623735323633376631
62356535366162393366356461633966656262663431326463663533633534343331383939373437
31366562363132343031363862633565616634396230376336316538356262663163386537383133
34613630383338313936633639356531663239646231306131626363383438333438343563303164
65313936313734623866396234636464343339373462393237366435373734653366633161326132
64623265643861666432343263396332663338386230316131356235373833363639336436373636
33386132643265343732633334616230303232353235653836383239373666343539636230353434
61356432633761336263353337363938353065326432633566383932633535393430343335323630
66363938373563373862333034633935363861353535383233326161616263613435356262643038
35643362366234643861336637303234303537663631336363336230356265393031303165373537
36343066643932316361316635313961656238663363386330396638376661333535383331616339
63633832363135643535656566663631656235313638363738353632326532326439616432363965
65613639336464326438636233666361643765646662333535663364393034343165353666346335
64623164396333336361336265306362346639346261626631613537313134663131666632353033
31373262366562336666313538653065363233396566383730333131313464646663613037313065
35373462323730633464633639313366633931366232623562326464643464616564666366326363
38393364366562656361633266383032303965646465393161363634663732636366613138343632
63666232653436636264633363393338373535396236373033346235373763313965386566363730
65353664653538313330323935663639666134623238666134306632643838316264383035303262
37353734373938343833306564356363366330396663306361356532616161323133616336613638
31623332316164343731336661373733336439316665346230616366643463636135343838643230
63663062346365626163306335643637353434383266663930333064396664313963383065653934
63303265343163376238643236393335366534353838323762326131646332386530303932656430
62346438363134636535643565666261353834326431373866353434373039313436653337316330
65373937613037616338623738323362336630396265316135303431653636313262386330613733
63386563303035383436376432346465386431396364666535343735353566346663343736316632
65653866333032656335623163336136353861316339393630643638373435303965356536663736
30626536343738626466336431656631346535613037633236626464656265396166653731646466
62373266303961363334313631633862336436633164343433353763626332626232376632323937
62666466383137616237353964373032613231383531616230366161633539646132613730646566
31356537373836613032653533643535646363633739623332356538656432306265656138383665
32633736663663306432373132303832636230383832316531386666393538666461376562363835
36663835323439343263376337303632623431353861663330356237363437633561376330313238
37616337393165333665336263346236386433663630313136303338353137393165613530303162
34663738613564366366366462373734663566396166356337303834363231323336346338616432
39383135633536643265303735343336323239666234303235666339656231393665666163613931
62613163616664656666303861613035323731306661386235343566383330383732386663636239
38396135323936373831643138313861336538643839373739343031343739623864326132343936
38386532633030613163396465633735363437333136306437303666613235326335306361636438
61383863343939623730356434663035616566313932643333393633633636323533626334333236
65646230633565386630656437303630613866613038353034613062323838333763346566353030
63643863366634333539623065643862666332343833323462643866316239666565313230333061
66306236303330643661316438373061366436336266373433323061363838393061323035386266
66663666393032313936653337616638663530373630353333383333663239356266333830373366
38623666376434303332383932333237343361363131613861643339313264323734626562313931
63633263623763643431306230643536353436363437333830663432333235353562653862623636
30376666356233333337383561633164323538326330666361376638353533346330656463306663
62313537306163353833613039313234376337653230373736623564333732303964663931353633
66643065643439303837633737663764386265393864656539396535323934386636666131313139
6338336338366430353338636263303264306131316464626333
