$ANSIBLE_VAULT;1.1;AES256
31343163313765366534353231303035373033346530336532373762633165333462313230306538
6165346264646435343235376135326565336132623863640a373461643038306438376465303538
39303365643137326361333536636661643333386361333531373738613366373432393365366361
6439373634306434610a363062633937313034646463663934333831616639623930333035376439
37366361363239373239653939316539323261303465373930326662333665363036363161663364
66396363643738366462633330313630313334356331656231653733656466386236383730313434
34393137656361313632306561626636653662663035666237393964373031333364363363393961
32346465663737306562373965313239343136623133616637643535306138613063366161363830
30333964643536323465663339363339666265636664633161306633613434653033306531356136
65616539323134356133303662363061386235383761323161366466333639613531646664336430
33333134363663653338623866643534373536343464353635353966666464643536643062333161
64663864303435313837376537316236306565363030616331303533386338656536376539363661
64386266376538643164306430393432383938313033356431383333353337346231313539306365
64613631376561636365303139323865323362643739636163396663336533326432316462323639
62366535656564353137363163623762653063333834363766613362323664386535383731333863
61313739316530306136396363366561616631303330663536656638666231356234613064366235
62363831636665616163633966613234343166393931633030333336636163646337303234636539
61376431333961316461636533383638626130363162376437346637393031323463323265353665
30316638663036313461333638393561656433616463336363306464373336303464626236373536
63653863613530623162613036323664653566346332636332356338366335616239353739663764
32303665333633616137636636653439613239343639346462356561323566353833643435313432
30383737336665376332323238663963373835376239633364323837613666343234343666343636
31626662346561343261363531346333653437333230353233363237373332353035303163633633
62316332313733333632353232616230633761653161323462333961646237663166333637313232
63633630336431666232653035363532373762376562653231306264326634396661336439643430
34616137643136326365343963333332613337313237346635666230666635363030623863613530
39623137643738393166343762303130643339333334356337643037356434656639386565626466
64373365343637376665313065613239366132303438643666313161643735376232316332303935
64363334393137336335353434613163323136653234626139343362613061363038626534316439
63313938626664666462613837666535656433383439306630363061303564633364313838306265
61646631663564663334333364393737623664303734623333376163343164616561363636663566
63636439356630613832376639643661613561623363336230313134313934333930643630353630
34363562616365626430386138373732353266633864336237323061643963306164326563323831
66373763393662663166326236653565396436343862386464376631316435653661623730326266
37616331653061353165393337356433623739343766626238326132646137353330336330363034
30393936396230643366313262666534333733343966396233623735353431366264303166363232
30383636333565653935383336663363643631316633626133636438646639333165663237613465
32616363663064666639336537306132343639653564663732666164313832356636326332346365
37353866666431653266363134303839336466336261316333353338343163653466393163633063
35356162366631316132313631656166363434653762393265356637383536346564383238333635
30353164666433633232386161343533366430636239323334366139383839316663343530666164
34393664346163653239666666613736326435313632663331383230643161303233366339306164
62623232636462646565333136316238663639666337313765646664353563613532663934666633
38613832383635613165326630626237356438653239626532386663643563323930373066316439
62386233376530623832386131333864663937663166623536666162636133343038363738326634
64326564393863663366343631376364376365363061643635313166653862646463656534623538
39386365666235333730313631333831386337623938366338393236393731303936343765656336
36356439643733363734393936393765653136376532346431383665336663323831303432623266
33353832323235646530636531643030353031653066393932316664353665616461356661333531
66366434326134316637613033343530386466303763633835656639323364653538326535343432
63366635643962613331313263383166626635363366366562663366376438626636616563343031
65353232393537633930306234643834616565313431393337316234383330323932663734306532
37313231346563323565626131333765316663316330653232346136316135303138613261373832
31643631356139623530636339356331353937323533663739646563623462646464386361356261
66373636383431623561393439626466363161303938363135383037343931336139666533303338
33313034373266643637356163663630663637346166623332663862653734366331636130623333
63323630626133323139663339313536626232643264626536636536366562343037313030613462
39333463356536323063356539353062356165336362366638666162656435363933633134613431
38643839363434373439323538636430643333326239646231393863333365306136376263366336
30323736373762346339643332313635313862643363343137633661373634613533393066373163
36333234363163386532656435616139326330313164346134383962323266663065306139323762
66633866316535306337633363643337353139323937326666346265653936306233326436353665
64343632393932376364626563373034633434646364326538383739646330303239653536363265
64326437643636616537333233663834386130336637323436336365363538303963663466313164
39393231363331643831636330656237313732653036376236363130353666356438326430643563
61316239333462386238343735663734353766373633386133326236366134643335303035396264
65363862376230333833333132396337366462366537366166353161666666333331356131653838
64633566356132623262353766343533656562666261623735643538333932666430363632643730
65663037356363383732326339656233326530303736336134353431376461336534626165353763
66303939666434626365353437393066663162313465373366353762373939323039373332336564
30643866633432383932313233626265653934333931366137383331343237613131663036343433
36303333643137323834313061383061633332656438626163363665353765396231333133366630
32343232353237396139626132383833633163626630303762396436643838353536303835393238
65396334643331363435663836636665353464336465366261663766353138666161326561356332
63623964623137393063303262373062306561303037346535663262353362376336313135303261
39356139303265393265323635623139383838616535306632396535366638616466303436633062
64336533643662303831323261363730666233623039623561343332336235613534393938303062
38343330376332613934346364353838346339373132643562336464643466623664336439313338
66346432376565323732643065363532656434306433663636306662373537613666363938363632
39646264616663636266653236626364643537373263653862633365643032333234316130376132
30386238633433353363373163646364313834323436353661376330316135346531643866633439
37343561366230666330363532343537623730346438306534326662373736316463626534363764
39393333656539313365323565623236323337363734613832643835376362303338663131393336
62636632326539623633616664616263643664303537356662393238623838373666343963303938
34353238366662393961386436386533316632653731323237616535386265353332333434383764
31326466346264383831303537616565343135393039366631623437646639323633653331623162
35373762386137346136343638616135623062393466343237623334316462393935363263653638
62323639623530333461666537656230323163333735333238336263343565366435363965366666
38306165396133633465626539383135636130636138386637343434313033626139303465306534
63366134383937366536383638663266326431646234376233633533353334633737353934643335
64623834343535356364666438386435343336313366633332333333636532366363333432363739
65663263313930613936623634373931386161333839373031353233376231633432623665303033
62643731383862353466623535373833373431313865643632666638313236306134386163373831
34386133643932363131393033343637306434393663346430643138616334333463343833643638
35623630363361353866393535373764343332613861633930613863353366383766373839313130
38313164336165313533303364653432653864656364306232616530616533623663366338326532
39313662643264326265333266313539646637303634303637666364636532323537346338313234
30316232613330636637373033396365326436343135626362373365643334303563633165303231
36663962623134343432333431353165313538396266646132383931336238313164386237313131
38386636326234653832623765373437616662653739613864393836643931323738353261636337
32376531343135396639623937363363663331653231636439346431643964643562323635393135
35613236336365306533363433386538363335313536366439313534646166663134653534623464
32386362663630313137316330636137303663393038326365626561366533646365383137666436
37393362326663666633326461356661326138656366343963626264386533373338323031376434
63326330396561643761343239666662373162353138656439616138376536656531663735663132
64363636363739383739316434326434303962636164353035343666633233336234373732613166
38646532656339363463323035323633323165613535363338396334633233373239393933653163
35623861303234653866363533353831613133376235663839333365643465343539376565653562
35613532643434623735323863303632393937333163366230366437323564363663323335643136
63366266343939333233343563613736316636303236623763333031343461633931623531303363
38373934613839636662376161336461333832353066346462633634613438666161653631363565
61653831653733356436346535383730666535666362633961316264663662643266363933366133
66643336313031666139316635323966313738393630653330396137303337636134366462336238
32343532363363653761303634303834383934353630646230613936343730363635663265353939
65363362373531653534373561323266616338663462383534323337326434376665613433373165
63356131646634393739346232656437366532666635376662666566363666373635386530306337
64336135386139356337373465623330376334646562313135383536353331343764363938383134
38313931646536363834303764363330326639623063343732366536396565323964313563343639
64393532613434336535633036636631396638356364616361313739323436396432313737356437
31613836393738343232633166623663363866326633326434346538383763353566393235633166
38633035396632333638366632303234363334636366393262616666303532346362333334396436
61633531306166343033386561363139313364643635333230373137616366343664636633323133
65356662656130663766633361656664623461316561306638643231616162383835306632616435
38303432636562393733393862376338666533316263613335623535666632616532316664386631
31616466613034303134656665663339623136636438323136323232313362643564613762663132
61623038306434383361316538326434643939313237623436656262303930353331303464656334
32626666303166623533353964363039383136666563376534396432626666303436383639376632
33323931303938363762373861363264656238393532356363306131666231346434633830646636
38633430383634333964626336323834366264656662343166323130363231663731306336316639
31626361666563333230666234373439333163353961633763613762323364643562663438303765
37663337313038373838366162306461663338333637333138646332653336663737663535346233
38613764346239323836313437616261313332666430323038356230323862323163633465633032
31353036356236303963323132316133653637653333393162663633393738616136643036613534
33656661333461663261356464343138373031343063383335343935373438326363303961366239
63313965316637626565663339353132636361643263393061303165363164633039643730633963
65323863663532303365343433396166613262336363323764323164333364616238666562623432
64623035326362346630356363323364636364323336663531306439313464306231343661326433
65313165356132376633323333613764353931333534616337653439343433633938636632323239
38613564323932316363323861363037356439623538366331666263323830633635633436653538
36643961336664663131313133346437396237326534623333316238336665313361376262613765
35393663636230353463643062623263333736633564323661643937303337316165333336343236
65336132356362653066326338333737313764383636393237316536353133303937626537313363
65386465303164396264653564376634366537643166323065643562613433303765373730646534
34323663643262313236303264393561633939636331656533663236333435353164313734326662
66626262363336633035616663303139313135326564633762333833353532383932383435383438
66366439306234643332313938656661656635316338653263386565626437323633393335643333
61333338323033346331623330376231663238376434323635623065363865313030326363613834
31373861626564306639343731656130666265363537643333663235653737666632633362303566
37376361643537306439333463376632663861393735333936653136663830323535343761336636
32323562393663353133656634656236303566616564306366343163613165326337636339353039
39303030643236373664616535353262356562343430636439366261353130343738386362356539
39646438383235396433623032626635333530353533313165323363643638336138643336396462
64666533333931333766653834663631363236613961663465323862333564613937366432653266
64336366613930363165383935373363313563333232323430646663613066343039306538303835
63616564393565313664313838316333376465346531306630343464313339333265356262646335
34313137343638363538616563356266386365393234373964363662343661373664393332376134
65346434363738653665643737663938303465313434633537376165613139383133306332636263
64346333343665663362623665363732656136323333333338333833303739393437356438383734
34376434396230333839613265313437633265303033396631663938303132613034366239346631
32373433316138653564333937306434623763653262623634646466316362623332663131663332
62666261366562363435333935383664623665333737366239383236613666646563643266303939
64393361343739336561343065376633313761646361306234323230353332613661366238333064
37303934373862646164383838613433386464383930326164323964343463336630393961376537
35346637336262643736613739386534353462313061653433393563366334623064326664333761
34636538343464306136303265623361353634323539636131316265383032636563633566633266
62366130303738626138356636396332616230316663303364633831356132333239333063376431
36666262663638653933666439316534313461633937313161373531653834643461633462633936
30363139623735336161643333316139643639323237653762326530633033643234306663653563
36353134636261303166373431363830653935336561393334373037336365353634656262636365
65353935336263616362393639356363613261663136646539626531313338656339386662643161
65323365326334663364323836386361373930376433316334656339333464343837363039346233
66313331643430623636363233313362363766366534396265636230626561653064393730366135
30396231306566353835363932353438306533633130313762336162626336373032373731303138
39626133323636316534376366643939653766353734633237613536336566303763623666323936
30393763323065303864393436666361326334383436376362616662323436383532643261363261
38313539626461643837366431336634373966363838626566373430616463336139306137303237
31343862656465303438346333653461313839316238613965326566343038386266316131336330
65613365363838383665346436316533653930633332366538626234623733336436386232313062
34613063393937326432326266316633333065343438363436396434386464393164373764356166
32303661343530636565623038666364613234393563666434313961303163363831373661356433
35313133663463343835666337383532623564633161666336633030666563663134666362623462
63313534336537376161383433343761313334613335626238373937393730333761313436633465
64653137666566316538343631386462313234343433616436356635326662656239396563393035
38393364353663653863643666306530326336333832616433396361376132323135613332646233
39306563373931663138333033323132626536616662653964643331616231383636656635353838
31303138643633333466333439383563646535303533626265333239323835656332393033623731
366438353335613266656134623866653364
